{
 "cells": [
  {
   "cell_type": "code",
   "execution_count": 2,
   "id": "ed1f2881-7273-45ff-9259-537b23ad8ea1",
   "metadata": {},
   "outputs": [
    {
     "name": "stderr",
     "output_type": "stream",
     "text": [
      "python-dotenv could not parse statement starting at line 12\n"
     ]
    },
    {
     "name": "stdout",
     "output_type": "stream",
     "text": [
      "Root dir: /Users/kevinkokalari/Documents/Skalbar Maskininlärning och Djupinlärning/Laborationer/id2223-project\n",
      "HopsworksSettings initialized!\n"
     ]
    }
   ],
   "source": [
    "import sys\n",
    "from pathlib import Path\n",
    "import warnings\n",
    "warnings.filterwarnings(\"ignore\", module=\"IPython\")\n",
    "\n",
    "#Find root directory\n",
    "root_dir = Path().absolute()\n",
    "if root_dir.parts[-2:] == ('notebooks', 'algae_bloom'):\n",
    "    root_dir = Path(*root_dir.parts[:-2])\n",
    "root_dir = str(root_dir)\n",
    "\n",
    "print(f\"Root dir: {root_dir}\")\n",
    "\n",
    "# Add the root directory to the `PYTHONPATH` \n",
    "if root_dir not in sys.path:\n",
    "    sys.path.append(root_dir)\n",
    "    print(f\"Added the following directory to the PYTHONPATH: {root_dir}\")\n",
    "\n",
    "# Set the environment variables from the file <root_dir>/.env\n",
    "from mlfs import config\n",
    "settings = config.HopsworksSettings(_env_file=f\"{root_dir}/.env\") "
   ]
  },
  {
   "cell_type": "markdown",
   "id": "f139ba67",
   "metadata": {},
   "source": [
    "<span style=\"font-width:bold; font-size: 3rem; color:#333;\">- Feature Backfill for Water Temperature Data</span>\n",
    "\n"
   ]
  },
  {
   "cell_type": "markdown",
   "id": "41d6a80c",
   "metadata": {},
   "source": [
    "## 🌐 Imports"
   ]
  },
  {
   "cell_type": "code",
   "execution_count": 3,
   "id": "0f447120",
   "metadata": {},
   "outputs": [],
   "source": [
    "import datetime\n",
    "import requests\n",
    "import pandas as pd\n",
    "import hopsworks\n",
    "from mlfs.airquality import util\n",
    "import datetime\n",
    "from pathlib import Path\n",
    "import json\n",
    "import re\n",
    "import os\n",
    "import warnings\n",
    "warnings.filterwarnings(\"ignore\")"
   ]
  },
  {
   "cell_type": "markdown",
   "id": "bd8b8d1a-62a5-4a1d-b805-6e83cafcd29f",
   "metadata": {},
   "source": [
    "## Hopsworks connection\n"
   ]
  },
  {
   "cell_type": "code",
   "execution_count": 4,
   "id": "9f1a49d6-9cd2-4246-b0ca-1058672e4848",
   "metadata": {},
   "outputs": [
    {
     "name": "stdout",
     "output_type": "stream",
     "text": [
      "2025-12-19 13:42:33,083 INFO: Initializing external client\n",
      "2025-12-19 13:42:33,085 INFO: Base URL: https://c.app.hopsworks.ai:443\n"
     ]
    },
    {
     "name": "stderr",
     "output_type": "stream",
     "text": [
      "\n",
      "\n"
     ]
    },
    {
     "name": "stdout",
     "output_type": "stream",
     "text": [
      "2025-12-19 13:42:34,741 INFO: Python Engine initialized.\n",
      "\n",
      "Logged in to project, explore it here https://c.app.hopsworks.ai:443/p/1286295\n"
     ]
    }
   ],
   "source": [
    "project = hopsworks.login(engine=\"python\")"
   ]
  },
  {
   "cell_type": "markdown",
   "id": "32e2bbec",
   "metadata": {},
   "source": [
    "## 👉 Setting variables"
   ]
  },
  {
   "cell_type": "code",
   "execution_count": 5,
   "id": "9145f0b7-d961-41f7-aebe-741dbf00784c",
   "metadata": {},
   "outputs": [
    {
     "name": "stdout",
     "output_type": "stream",
     "text": [
      "File successfully found at the path: /Users/kevinkokalari/Documents/Skalbar Maskininlärning och Djupinlärning/Laborationer/id2223-project/data/watertemp_midday_deduped.csv\n"
     ]
    }
   ],
   "source": [
    "today = datetime.date.today() \n",
    "\n",
    "backfill_file = f\"{root_dir}/data/watertemp_midday_deduped.csv\" #<-- ÄNDRA HÄR\n",
    "util.check_file_path(backfill_file)\n",
    "\n",
    "# Array of dictionaries for each bath location\n",
    "bath_locations =[{'bath_location': 'Bergabadet', 'latitude': 59.057008, 'longitude': 17.440774}, \n",
    "                {'bath_location': 'Bränningestrand', 'latitude': 59.148617, 'longitude': 17.6674},\n",
    "                {'bath_location': 'Eklundsnäsbadet', 'latitude': 59.16883, 'longitude': 17.59184},\n",
    "                {'bath_location': 'Farstanäsbadet', 'latitude': 59.096884, 'longitude': 17.65387},\n",
    "                {'bath_location': 'Mälarbadet', 'latitude': 59.222657, 'longitude': 17.611886},\n",
    "                {'bath_location': 'Nya Malmsjöbadet', 'latitude': 59.234823, 'longitude': 17.536534},\n",
    "                {'bath_location': 'Näsets udde(Glashyttan)', 'latitude': 59.158419, 'longitude': 17.66072},\n",
    "                {'bath_location': 'Underåsbadet', 'latitude': 59.26482, 'longitude': 17.536534},\n",
    "                {'bath_location': 'Åbynäsbadet', 'latitude': 59.018397, 'longitude': 17.619576},\n",
    "                ]\n",
    "\n",
    "#coordinates = settings.coordinates #<-- ÄNDRA HÄR"
   ]
  },
  {
   "cell_type": "markdown",
   "id": "c706e751",
   "metadata": {},
   "source": [
    "## 🖼️ Create DataFrame for Water Temperature\n",
    "\n",
    "The cell below will read up historical air quality data as a CSV file into a Pandas DataFrame"
   ]
  },
  {
   "cell_type": "code",
   "execution_count": 6,
   "id": "bc3a1212",
   "metadata": {
    "tags": []
   },
   "outputs": [
    {
     "data": {
      "text/html": [
       "<div>\n",
       "<style scoped>\n",
       "    .dataframe tbody tr th:only-of-type {\n",
       "        vertical-align: middle;\n",
       "    }\n",
       "\n",
       "    .dataframe tbody tr th {\n",
       "        vertical-align: top;\n",
       "    }\n",
       "\n",
       "    .dataframe thead th {\n",
       "        text-align: right;\n",
       "    }\n",
       "</style>\n",
       "<table border=\"1\" class=\"dataframe\">\n",
       "  <thead>\n",
       "    <tr style=\"text-align: right;\">\n",
       "      <th></th>\n",
       "      <th>temp_water</th>\n",
       "      <th>formatted_time</th>\n",
       "      <th>alias</th>\n",
       "      <th>latitude</th>\n",
       "      <th>longitude</th>\n",
       "    </tr>\n",
       "  </thead>\n",
       "  <tbody>\n",
       "    <tr>\n",
       "      <th>0</th>\n",
       "      <td>2.9</td>\n",
       "      <td>2022-01-01 12:26:00</td>\n",
       "      <td>Bergabadet</td>\n",
       "      <td>59.057008</td>\n",
       "      <td>17.440774</td>\n",
       "    </tr>\n",
       "    <tr>\n",
       "      <th>1</th>\n",
       "      <td>2.8</td>\n",
       "      <td>2022-01-02 12:27:00</td>\n",
       "      <td>Bergabadet</td>\n",
       "      <td>59.057008</td>\n",
       "      <td>17.440774</td>\n",
       "    </tr>\n",
       "    <tr>\n",
       "      <th>2</th>\n",
       "      <td>2.8</td>\n",
       "      <td>2022-01-03 12:27:00</td>\n",
       "      <td>Bergabadet</td>\n",
       "      <td>59.057008</td>\n",
       "      <td>17.440774</td>\n",
       "    </tr>\n",
       "    <tr>\n",
       "      <th>3</th>\n",
       "      <td>2.7</td>\n",
       "      <td>2022-01-04 12:27:00</td>\n",
       "      <td>Bergabadet</td>\n",
       "      <td>59.057008</td>\n",
       "      <td>17.440774</td>\n",
       "    </tr>\n",
       "    <tr>\n",
       "      <th>4</th>\n",
       "      <td>2.8</td>\n",
       "      <td>2022-01-05 12:30:00</td>\n",
       "      <td>Bergabadet</td>\n",
       "      <td>59.057008</td>\n",
       "      <td>17.440774</td>\n",
       "    </tr>\n",
       "    <tr>\n",
       "      <th>...</th>\n",
       "      <td>...</td>\n",
       "      <td>...</td>\n",
       "      <td>...</td>\n",
       "      <td>...</td>\n",
       "      <td>...</td>\n",
       "    </tr>\n",
       "    <tr>\n",
       "      <th>7431</th>\n",
       "      <td>10.8</td>\n",
       "      <td>2025-05-17 14:58:00</td>\n",
       "      <td>Åbynäsbadet</td>\n",
       "      <td>59.018397</td>\n",
       "      <td>17.619576</td>\n",
       "    </tr>\n",
       "    <tr>\n",
       "      <th>7432</th>\n",
       "      <td>10.6</td>\n",
       "      <td>2025-05-18 08:58:00</td>\n",
       "      <td>Åbynäsbadet</td>\n",
       "      <td>59.018397</td>\n",
       "      <td>17.619576</td>\n",
       "    </tr>\n",
       "    <tr>\n",
       "      <th>7433</th>\n",
       "      <td>12.2</td>\n",
       "      <td>2025-05-19 14:58:00</td>\n",
       "      <td>Åbynäsbadet</td>\n",
       "      <td>59.018397</td>\n",
       "      <td>17.619576</td>\n",
       "    </tr>\n",
       "    <tr>\n",
       "      <th>7434</th>\n",
       "      <td>12.8</td>\n",
       "      <td>2025-05-20 14:58:00</td>\n",
       "      <td>Åbynäsbadet</td>\n",
       "      <td>59.018397</td>\n",
       "      <td>17.619576</td>\n",
       "    </tr>\n",
       "    <tr>\n",
       "      <th>7435</th>\n",
       "      <td>12.2</td>\n",
       "      <td>2025-05-21 14:58:00</td>\n",
       "      <td>Åbynäsbadet</td>\n",
       "      <td>59.018397</td>\n",
       "      <td>17.619576</td>\n",
       "    </tr>\n",
       "  </tbody>\n",
       "</table>\n",
       "<p>7436 rows × 5 columns</p>\n",
       "</div>"
      ],
      "text/plain": [
       "      temp_water      formatted_time        alias   latitude  longitude\n",
       "0            2.9 2022-01-01 12:26:00   Bergabadet  59.057008  17.440774\n",
       "1            2.8 2022-01-02 12:27:00   Bergabadet  59.057008  17.440774\n",
       "2            2.8 2022-01-03 12:27:00   Bergabadet  59.057008  17.440774\n",
       "3            2.7 2022-01-04 12:27:00   Bergabadet  59.057008  17.440774\n",
       "4            2.8 2022-01-05 12:30:00   Bergabadet  59.057008  17.440774\n",
       "...          ...                 ...          ...        ...        ...\n",
       "7431        10.8 2025-05-17 14:58:00  Åbynäsbadet  59.018397  17.619576\n",
       "7432        10.6 2025-05-18 08:58:00  Åbynäsbadet  59.018397  17.619576\n",
       "7433        12.2 2025-05-19 14:58:00  Åbynäsbadet  59.018397  17.619576\n",
       "7434        12.8 2025-05-20 14:58:00  Åbynäsbadet  59.018397  17.619576\n",
       "7435        12.2 2025-05-21 14:58:00  Åbynäsbadet  59.018397  17.619576\n",
       "\n",
       "[7436 rows x 5 columns]"
      ]
     },
     "execution_count": 6,
     "metadata": {},
     "output_type": "execute_result"
    }
   ],
   "source": [
    "#Store all water temperature measures for all bath locations in dataframe\n",
    "raw_data_df = pd.read_csv(backfill_file,  parse_dates=['formatted_time'], skipinitialspace=True)\n",
    "\n",
    "raw_data_df"
   ]
  },
  {
   "cell_type": "markdown",
   "id": "8812eb37-04e3-4291-8d77-a69ef7a195bc",
   "metadata": {},
   "source": [
    "## 🧹Clean data"
   ]
  },
  {
   "cell_type": "code",
   "execution_count": 7,
   "id": "fd20c859-ef3c-4b54-bbcb-83898afefa79",
   "metadata": {},
   "outputs": [
    {
     "data": {
      "text/html": [
       "<div>\n",
       "<style scoped>\n",
       "    .dataframe tbody tr th:only-of-type {\n",
       "        vertical-align: middle;\n",
       "    }\n",
       "\n",
       "    .dataframe tbody tr th {\n",
       "        vertical-align: top;\n",
       "    }\n",
       "\n",
       "    .dataframe thead th {\n",
       "        text-align: right;\n",
       "    }\n",
       "</style>\n",
       "<table border=\"1\" class=\"dataframe\">\n",
       "  <thead>\n",
       "    <tr style=\"text-align: right;\">\n",
       "      <th></th>\n",
       "      <th>formatted_time</th>\n",
       "      <th>alias</th>\n",
       "      <th>temp_water</th>\n",
       "      <th>longitude</th>\n",
       "      <th>latitude</th>\n",
       "    </tr>\n",
       "  </thead>\n",
       "  <tbody>\n",
       "    <tr>\n",
       "      <th>0</th>\n",
       "      <td>2022-01-01 12:26:00</td>\n",
       "      <td>Bergabadet</td>\n",
       "      <td>2.9</td>\n",
       "      <td>17.440774</td>\n",
       "      <td>59.057008</td>\n",
       "    </tr>\n",
       "    <tr>\n",
       "      <th>1</th>\n",
       "      <td>2022-01-02 12:27:00</td>\n",
       "      <td>Bergabadet</td>\n",
       "      <td>2.8</td>\n",
       "      <td>17.440774</td>\n",
       "      <td>59.057008</td>\n",
       "    </tr>\n",
       "    <tr>\n",
       "      <th>2</th>\n",
       "      <td>2022-01-03 12:27:00</td>\n",
       "      <td>Bergabadet</td>\n",
       "      <td>2.8</td>\n",
       "      <td>17.440774</td>\n",
       "      <td>59.057008</td>\n",
       "    </tr>\n",
       "    <tr>\n",
       "      <th>3</th>\n",
       "      <td>2022-01-04 12:27:00</td>\n",
       "      <td>Bergabadet</td>\n",
       "      <td>2.7</td>\n",
       "      <td>17.440774</td>\n",
       "      <td>59.057008</td>\n",
       "    </tr>\n",
       "    <tr>\n",
       "      <th>4</th>\n",
       "      <td>2022-01-05 12:30:00</td>\n",
       "      <td>Bergabadet</td>\n",
       "      <td>2.8</td>\n",
       "      <td>17.440774</td>\n",
       "      <td>59.057008</td>\n",
       "    </tr>\n",
       "    <tr>\n",
       "      <th>...</th>\n",
       "      <td>...</td>\n",
       "      <td>...</td>\n",
       "      <td>...</td>\n",
       "      <td>...</td>\n",
       "      <td>...</td>\n",
       "    </tr>\n",
       "    <tr>\n",
       "      <th>7431</th>\n",
       "      <td>2025-05-17 14:58:00</td>\n",
       "      <td>Åbynäsbadet</td>\n",
       "      <td>10.8</td>\n",
       "      <td>17.619576</td>\n",
       "      <td>59.018397</td>\n",
       "    </tr>\n",
       "    <tr>\n",
       "      <th>7432</th>\n",
       "      <td>2025-05-18 08:58:00</td>\n",
       "      <td>Åbynäsbadet</td>\n",
       "      <td>10.6</td>\n",
       "      <td>17.619576</td>\n",
       "      <td>59.018397</td>\n",
       "    </tr>\n",
       "    <tr>\n",
       "      <th>7433</th>\n",
       "      <td>2025-05-19 14:58:00</td>\n",
       "      <td>Åbynäsbadet</td>\n",
       "      <td>12.2</td>\n",
       "      <td>17.619576</td>\n",
       "      <td>59.018397</td>\n",
       "    </tr>\n",
       "    <tr>\n",
       "      <th>7434</th>\n",
       "      <td>2025-05-20 14:58:00</td>\n",
       "      <td>Åbynäsbadet</td>\n",
       "      <td>12.8</td>\n",
       "      <td>17.619576</td>\n",
       "      <td>59.018397</td>\n",
       "    </tr>\n",
       "    <tr>\n",
       "      <th>7435</th>\n",
       "      <td>2025-05-21 14:58:00</td>\n",
       "      <td>Åbynäsbadet</td>\n",
       "      <td>12.2</td>\n",
       "      <td>17.619576</td>\n",
       "      <td>59.018397</td>\n",
       "    </tr>\n",
       "  </tbody>\n",
       "</table>\n",
       "<p>7436 rows × 5 columns</p>\n",
       "</div>"
      ],
      "text/plain": [
       "          formatted_time        alias  temp_water  longitude   latitude\n",
       "0    2022-01-01 12:26:00   Bergabadet         2.9  17.440774  59.057008\n",
       "1    2022-01-02 12:27:00   Bergabadet         2.8  17.440774  59.057008\n",
       "2    2022-01-03 12:27:00   Bergabadet         2.8  17.440774  59.057008\n",
       "3    2022-01-04 12:27:00   Bergabadet         2.7  17.440774  59.057008\n",
       "4    2022-01-05 12:30:00   Bergabadet         2.8  17.440774  59.057008\n",
       "...                  ...          ...         ...        ...        ...\n",
       "7431 2025-05-17 14:58:00  Åbynäsbadet        10.8  17.619576  59.018397\n",
       "7432 2025-05-18 08:58:00  Åbynäsbadet        10.6  17.619576  59.018397\n",
       "7433 2025-05-19 14:58:00  Åbynäsbadet        12.2  17.619576  59.018397\n",
       "7434 2025-05-20 14:58:00  Åbynäsbadet        12.8  17.619576  59.018397\n",
       "7435 2025-05-21 14:58:00  Åbynäsbadet        12.2  17.619576  59.018397\n",
       "\n",
       "[7436 rows x 5 columns]"
      ]
     },
     "execution_count": 7,
     "metadata": {},
     "output_type": "execute_result"
    }
   ],
   "source": [
    "#Select columns\n",
    "water_temp_df = raw_data_df[['formatted_time', \"alias\", 'temp_water', 'longitude', \"latitude\"]] #<-- ÄNDRA\n",
    "\n",
    "water_temp_df"
   ]
  },
  {
   "cell_type": "markdown",
   "id": "19911f73",
   "metadata": {},
   "source": [
    "## 💧 Drop missing columns"
   ]
  },
  {
   "cell_type": "code",
   "execution_count": 8,
   "id": "37b0a762",
   "metadata": {},
   "outputs": [
    {
     "data": {
      "text/html": [
       "<div>\n",
       "<style scoped>\n",
       "    .dataframe tbody tr th:only-of-type {\n",
       "        vertical-align: middle;\n",
       "    }\n",
       "\n",
       "    .dataframe tbody tr th {\n",
       "        vertical-align: top;\n",
       "    }\n",
       "\n",
       "    .dataframe thead th {\n",
       "        text-align: right;\n",
       "    }\n",
       "</style>\n",
       "<table border=\"1\" class=\"dataframe\">\n",
       "  <thead>\n",
       "    <tr style=\"text-align: right;\">\n",
       "      <th></th>\n",
       "      <th>formatted_time</th>\n",
       "      <th>alias</th>\n",
       "      <th>temp_water</th>\n",
       "      <th>longitude</th>\n",
       "      <th>latitude</th>\n",
       "    </tr>\n",
       "  </thead>\n",
       "  <tbody>\n",
       "    <tr>\n",
       "      <th>0</th>\n",
       "      <td>2022-01-01 12:26:00</td>\n",
       "      <td>Bergabadet</td>\n",
       "      <td>2.9</td>\n",
       "      <td>17.440774</td>\n",
       "      <td>59.057008</td>\n",
       "    </tr>\n",
       "    <tr>\n",
       "      <th>1</th>\n",
       "      <td>2022-01-02 12:27:00</td>\n",
       "      <td>Bergabadet</td>\n",
       "      <td>2.8</td>\n",
       "      <td>17.440774</td>\n",
       "      <td>59.057008</td>\n",
       "    </tr>\n",
       "    <tr>\n",
       "      <th>2</th>\n",
       "      <td>2022-01-03 12:27:00</td>\n",
       "      <td>Bergabadet</td>\n",
       "      <td>2.8</td>\n",
       "      <td>17.440774</td>\n",
       "      <td>59.057008</td>\n",
       "    </tr>\n",
       "    <tr>\n",
       "      <th>3</th>\n",
       "      <td>2022-01-04 12:27:00</td>\n",
       "      <td>Bergabadet</td>\n",
       "      <td>2.7</td>\n",
       "      <td>17.440774</td>\n",
       "      <td>59.057008</td>\n",
       "    </tr>\n",
       "    <tr>\n",
       "      <th>4</th>\n",
       "      <td>2022-01-05 12:30:00</td>\n",
       "      <td>Bergabadet</td>\n",
       "      <td>2.8</td>\n",
       "      <td>17.440774</td>\n",
       "      <td>59.057008</td>\n",
       "    </tr>\n",
       "    <tr>\n",
       "      <th>...</th>\n",
       "      <td>...</td>\n",
       "      <td>...</td>\n",
       "      <td>...</td>\n",
       "      <td>...</td>\n",
       "      <td>...</td>\n",
       "    </tr>\n",
       "    <tr>\n",
       "      <th>7431</th>\n",
       "      <td>2025-05-17 14:58:00</td>\n",
       "      <td>Åbynäsbadet</td>\n",
       "      <td>10.8</td>\n",
       "      <td>17.619576</td>\n",
       "      <td>59.018397</td>\n",
       "    </tr>\n",
       "    <tr>\n",
       "      <th>7432</th>\n",
       "      <td>2025-05-18 08:58:00</td>\n",
       "      <td>Åbynäsbadet</td>\n",
       "      <td>10.6</td>\n",
       "      <td>17.619576</td>\n",
       "      <td>59.018397</td>\n",
       "    </tr>\n",
       "    <tr>\n",
       "      <th>7433</th>\n",
       "      <td>2025-05-19 14:58:00</td>\n",
       "      <td>Åbynäsbadet</td>\n",
       "      <td>12.2</td>\n",
       "      <td>17.619576</td>\n",
       "      <td>59.018397</td>\n",
       "    </tr>\n",
       "    <tr>\n",
       "      <th>7434</th>\n",
       "      <td>2025-05-20 14:58:00</td>\n",
       "      <td>Åbynäsbadet</td>\n",
       "      <td>12.8</td>\n",
       "      <td>17.619576</td>\n",
       "      <td>59.018397</td>\n",
       "    </tr>\n",
       "    <tr>\n",
       "      <th>7435</th>\n",
       "      <td>2025-05-21 14:58:00</td>\n",
       "      <td>Åbynäsbadet</td>\n",
       "      <td>12.2</td>\n",
       "      <td>17.619576</td>\n",
       "      <td>59.018397</td>\n",
       "    </tr>\n",
       "  </tbody>\n",
       "</table>\n",
       "<p>7436 rows × 5 columns</p>\n",
       "</div>"
      ],
      "text/plain": [
       "          formatted_time        alias  temp_water  longitude   latitude\n",
       "0    2022-01-01 12:26:00   Bergabadet         2.9  17.440774  59.057008\n",
       "1    2022-01-02 12:27:00   Bergabadet         2.8  17.440774  59.057008\n",
       "2    2022-01-03 12:27:00   Bergabadet         2.8  17.440774  59.057008\n",
       "3    2022-01-04 12:27:00   Bergabadet         2.7  17.440774  59.057008\n",
       "4    2022-01-05 12:30:00   Bergabadet         2.8  17.440774  59.057008\n",
       "...                  ...          ...         ...        ...        ...\n",
       "7431 2025-05-17 14:58:00  Åbynäsbadet        10.8  17.619576  59.018397\n",
       "7432 2025-05-18 08:58:00  Åbynäsbadet        10.6  17.619576  59.018397\n",
       "7433 2025-05-19 14:58:00  Åbynäsbadet        12.2  17.619576  59.018397\n",
       "7434 2025-05-20 14:58:00  Åbynäsbadet        12.8  17.619576  59.018397\n",
       "7435 2025-05-21 14:58:00  Åbynäsbadet        12.2  17.619576  59.018397\n",
       "\n",
       "[7436 rows x 5 columns]"
      ]
     },
     "execution_count": 8,
     "metadata": {},
     "output_type": "execute_result"
    }
   ],
   "source": [
    "water_temp_df.dropna(inplace=True)\n",
    "water_temp_df"
   ]
  },
  {
   "cell_type": "markdown",
   "id": "f089c159",
   "metadata": {},
   "source": [
    "## 🧺Add Values to Dataframe"
   ]
  },
  {
   "cell_type": "code",
   "execution_count": 9,
   "id": "15d3cc59",
   "metadata": {},
   "outputs": [
    {
     "data": {
      "text/html": [
       "<div>\n",
       "<style scoped>\n",
       "    .dataframe tbody tr th:only-of-type {\n",
       "        vertical-align: middle;\n",
       "    }\n",
       "\n",
       "    .dataframe tbody tr th {\n",
       "        vertical-align: top;\n",
       "    }\n",
       "\n",
       "    .dataframe thead th {\n",
       "        text-align: right;\n",
       "    }\n",
       "</style>\n",
       "<table border=\"1\" class=\"dataframe\">\n",
       "  <thead>\n",
       "    <tr style=\"text-align: right;\">\n",
       "      <th></th>\n",
       "      <th>formatted_time</th>\n",
       "      <th>alias</th>\n",
       "      <th>temp_water</th>\n",
       "      <th>longitude</th>\n",
       "      <th>latitude</th>\n",
       "    </tr>\n",
       "  </thead>\n",
       "  <tbody>\n",
       "    <tr>\n",
       "      <th>0</th>\n",
       "      <td>2022-01-01 12:26:00</td>\n",
       "      <td>Bergabadet</td>\n",
       "      <td>2.9</td>\n",
       "      <td>17.440774</td>\n",
       "      <td>59.057008</td>\n",
       "    </tr>\n",
       "    <tr>\n",
       "      <th>1</th>\n",
       "      <td>2022-01-02 12:27:00</td>\n",
       "      <td>Bergabadet</td>\n",
       "      <td>2.8</td>\n",
       "      <td>17.440774</td>\n",
       "      <td>59.057008</td>\n",
       "    </tr>\n",
       "    <tr>\n",
       "      <th>2</th>\n",
       "      <td>2022-01-03 12:27:00</td>\n",
       "      <td>Bergabadet</td>\n",
       "      <td>2.8</td>\n",
       "      <td>17.440774</td>\n",
       "      <td>59.057008</td>\n",
       "    </tr>\n",
       "    <tr>\n",
       "      <th>3</th>\n",
       "      <td>2022-01-04 12:27:00</td>\n",
       "      <td>Bergabadet</td>\n",
       "      <td>2.7</td>\n",
       "      <td>17.440774</td>\n",
       "      <td>59.057008</td>\n",
       "    </tr>\n",
       "    <tr>\n",
       "      <th>4</th>\n",
       "      <td>2022-01-05 12:30:00</td>\n",
       "      <td>Bergabadet</td>\n",
       "      <td>2.8</td>\n",
       "      <td>17.440774</td>\n",
       "      <td>59.057008</td>\n",
       "    </tr>\n",
       "    <tr>\n",
       "      <th>...</th>\n",
       "      <td>...</td>\n",
       "      <td>...</td>\n",
       "      <td>...</td>\n",
       "      <td>...</td>\n",
       "      <td>...</td>\n",
       "    </tr>\n",
       "    <tr>\n",
       "      <th>7431</th>\n",
       "      <td>2025-05-17 14:58:00</td>\n",
       "      <td>Åbynäsbadet</td>\n",
       "      <td>10.8</td>\n",
       "      <td>17.619576</td>\n",
       "      <td>59.018397</td>\n",
       "    </tr>\n",
       "    <tr>\n",
       "      <th>7432</th>\n",
       "      <td>2025-05-18 08:58:00</td>\n",
       "      <td>Åbynäsbadet</td>\n",
       "      <td>10.6</td>\n",
       "      <td>17.619576</td>\n",
       "      <td>59.018397</td>\n",
       "    </tr>\n",
       "    <tr>\n",
       "      <th>7433</th>\n",
       "      <td>2025-05-19 14:58:00</td>\n",
       "      <td>Åbynäsbadet</td>\n",
       "      <td>12.2</td>\n",
       "      <td>17.619576</td>\n",
       "      <td>59.018397</td>\n",
       "    </tr>\n",
       "    <tr>\n",
       "      <th>7434</th>\n",
       "      <td>2025-05-20 14:58:00</td>\n",
       "      <td>Åbynäsbadet</td>\n",
       "      <td>12.8</td>\n",
       "      <td>17.619576</td>\n",
       "      <td>59.018397</td>\n",
       "    </tr>\n",
       "    <tr>\n",
       "      <th>7435</th>\n",
       "      <td>2025-05-21 14:58:00</td>\n",
       "      <td>Åbynäsbadet</td>\n",
       "      <td>12.2</td>\n",
       "      <td>17.619576</td>\n",
       "      <td>59.018397</td>\n",
       "    </tr>\n",
       "  </tbody>\n",
       "</table>\n",
       "<p>7436 rows × 5 columns</p>\n",
       "</div>"
      ],
      "text/plain": [
       "          formatted_time        alias  temp_water  longitude   latitude\n",
       "0    2022-01-01 12:26:00   Bergabadet         2.9  17.440774  59.057008\n",
       "1    2022-01-02 12:27:00   Bergabadet         2.8  17.440774  59.057008\n",
       "2    2022-01-03 12:27:00   Bergabadet         2.8  17.440774  59.057008\n",
       "3    2022-01-04 12:27:00   Bergabadet         2.7  17.440774  59.057008\n",
       "4    2022-01-05 12:30:00   Bergabadet         2.8  17.440774  59.057008\n",
       "...                  ...          ...         ...        ...        ...\n",
       "7431 2025-05-17 14:58:00  Åbynäsbadet        10.8  17.619576  59.018397\n",
       "7432 2025-05-18 08:58:00  Åbynäsbadet        10.6  17.619576  59.018397\n",
       "7433 2025-05-19 14:58:00  Åbynäsbadet        12.2  17.619576  59.018397\n",
       "7434 2025-05-20 14:58:00  Åbynäsbadet        12.8  17.619576  59.018397\n",
       "7435 2025-05-21 14:58:00  Åbynäsbadet        12.2  17.619576  59.018397\n",
       "\n",
       "[7436 rows x 5 columns]"
      ]
     },
     "execution_count": 9,
     "metadata": {},
     "output_type": "execute_result"
    }
   ],
   "source": [
    "#Add values to dataframe\n",
    "\n",
    "#water_temp_df['country']= \"sweden\"#xx #<-- KOLLA OM DET BEHÖVS\n",
    "\n",
    "water_temp_df"
   ]
  },
  {
   "cell_type": "code",
   "execution_count": 10,
   "id": "1c6dc05b",
   "metadata": {},
   "outputs": [
    {
     "name": "stdout",
     "output_type": "stream",
     "text": [
      "<class 'pandas.core.frame.DataFrame'>\n",
      "RangeIndex: 7436 entries, 0 to 7435\n",
      "Data columns (total 5 columns):\n",
      " #   Column          Non-Null Count  Dtype         \n",
      "---  ------          --------------  -----         \n",
      " 0   formatted_time  7436 non-null   datetime64[ns]\n",
      " 1   alias           7436 non-null   object        \n",
      " 2   temp_water      7436 non-null   float64       \n",
      " 3   longitude       7436 non-null   float64       \n",
      " 4   latitude        7436 non-null   float64       \n",
      "dtypes: datetime64[ns](1), float64(3), object(1)\n",
      "memory usage: 290.6+ KB\n"
     ]
    }
   ],
   "source": [
    "water_temp_df.info()"
   ]
  },
  {
   "cell_type": "markdown",
   "id": "1ae73f23",
   "metadata": {},
   "source": [
    "## ⏮️ Calculate and Add Legged Values"
   ]
  },
  {
   "cell_type": "code",
   "execution_count": 11,
   "id": "098ec841",
   "metadata": {},
   "outputs": [
    {
     "data": {
      "text/html": [
       "<div>\n",
       "<style scoped>\n",
       "    .dataframe tbody tr th:only-of-type {\n",
       "        vertical-align: middle;\n",
       "    }\n",
       "\n",
       "    .dataframe tbody tr th {\n",
       "        vertical-align: top;\n",
       "    }\n",
       "\n",
       "    .dataframe thead th {\n",
       "        text-align: right;\n",
       "    }\n",
       "</style>\n",
       "<table border=\"1\" class=\"dataframe\">\n",
       "  <thead>\n",
       "    <tr style=\"text-align: right;\">\n",
       "      <th></th>\n",
       "      <th>formatted_time</th>\n",
       "      <th>alias</th>\n",
       "      <th>temp_water</th>\n",
       "      <th>longitude</th>\n",
       "      <th>latitude</th>\n",
       "    </tr>\n",
       "  </thead>\n",
       "  <tbody>\n",
       "    <tr>\n",
       "      <th>0</th>\n",
       "      <td>2022-01-01 12:26:00</td>\n",
       "      <td>Bergabadet</td>\n",
       "      <td>2.9</td>\n",
       "      <td>17.440774</td>\n",
       "      <td>59.057008</td>\n",
       "    </tr>\n",
       "    <tr>\n",
       "      <th>1</th>\n",
       "      <td>2022-01-02 12:27:00</td>\n",
       "      <td>Bergabadet</td>\n",
       "      <td>2.8</td>\n",
       "      <td>17.440774</td>\n",
       "      <td>59.057008</td>\n",
       "    </tr>\n",
       "    <tr>\n",
       "      <th>2</th>\n",
       "      <td>2022-01-03 12:27:00</td>\n",
       "      <td>Bergabadet</td>\n",
       "      <td>2.8</td>\n",
       "      <td>17.440774</td>\n",
       "      <td>59.057008</td>\n",
       "    </tr>\n",
       "    <tr>\n",
       "      <th>3</th>\n",
       "      <td>2022-01-04 12:27:00</td>\n",
       "      <td>Bergabadet</td>\n",
       "      <td>2.7</td>\n",
       "      <td>17.440774</td>\n",
       "      <td>59.057008</td>\n",
       "    </tr>\n",
       "    <tr>\n",
       "      <th>4</th>\n",
       "      <td>2022-01-05 12:30:00</td>\n",
       "      <td>Bergabadet</td>\n",
       "      <td>2.8</td>\n",
       "      <td>17.440774</td>\n",
       "      <td>59.057008</td>\n",
       "    </tr>\n",
       "    <tr>\n",
       "      <th>...</th>\n",
       "      <td>...</td>\n",
       "      <td>...</td>\n",
       "      <td>...</td>\n",
       "      <td>...</td>\n",
       "      <td>...</td>\n",
       "    </tr>\n",
       "    <tr>\n",
       "      <th>7431</th>\n",
       "      <td>2025-05-17 14:58:00</td>\n",
       "      <td>Åbynäsbadet</td>\n",
       "      <td>10.8</td>\n",
       "      <td>17.619576</td>\n",
       "      <td>59.018397</td>\n",
       "    </tr>\n",
       "    <tr>\n",
       "      <th>7432</th>\n",
       "      <td>2025-05-18 08:58:00</td>\n",
       "      <td>Åbynäsbadet</td>\n",
       "      <td>10.6</td>\n",
       "      <td>17.619576</td>\n",
       "      <td>59.018397</td>\n",
       "    </tr>\n",
       "    <tr>\n",
       "      <th>7433</th>\n",
       "      <td>2025-05-19 14:58:00</td>\n",
       "      <td>Åbynäsbadet</td>\n",
       "      <td>12.2</td>\n",
       "      <td>17.619576</td>\n",
       "      <td>59.018397</td>\n",
       "    </tr>\n",
       "    <tr>\n",
       "      <th>7434</th>\n",
       "      <td>2025-05-20 14:58:00</td>\n",
       "      <td>Åbynäsbadet</td>\n",
       "      <td>12.8</td>\n",
       "      <td>17.619576</td>\n",
       "      <td>59.018397</td>\n",
       "    </tr>\n",
       "    <tr>\n",
       "      <th>7435</th>\n",
       "      <td>2025-05-21 14:58:00</td>\n",
       "      <td>Åbynäsbadet</td>\n",
       "      <td>12.2</td>\n",
       "      <td>17.619576</td>\n",
       "      <td>59.018397</td>\n",
       "    </tr>\n",
       "  </tbody>\n",
       "</table>\n",
       "<p>7436 rows × 5 columns</p>\n",
       "</div>"
      ],
      "text/plain": [
       "          formatted_time        alias  temp_water  longitude   latitude\n",
       "0    2022-01-01 12:26:00   Bergabadet         2.9  17.440774  59.057008\n",
       "1    2022-01-02 12:27:00   Bergabadet         2.8  17.440774  59.057008\n",
       "2    2022-01-03 12:27:00   Bergabadet         2.8  17.440774  59.057008\n",
       "3    2022-01-04 12:27:00   Bergabadet         2.7  17.440774  59.057008\n",
       "4    2022-01-05 12:30:00   Bergabadet         2.8  17.440774  59.057008\n",
       "...                  ...          ...         ...        ...        ...\n",
       "7431 2025-05-17 14:58:00  Åbynäsbadet        10.8  17.619576  59.018397\n",
       "7432 2025-05-18 08:58:00  Åbynäsbadet        10.6  17.619576  59.018397\n",
       "7433 2025-05-19 14:58:00  Åbynäsbadet        12.2  17.619576  59.018397\n",
       "7434 2025-05-20 14:58:00  Åbynäsbadet        12.8  17.619576  59.018397\n",
       "7435 2025-05-21 14:58:00  Åbynäsbadet        12.2  17.619576  59.018397\n",
       "\n",
       "[7436 rows x 5 columns]"
      ]
     },
     "execution_count": 11,
     "metadata": {},
     "output_type": "execute_result"
    }
   ],
   "source": [
    "#Sort to make sure lagged values are correct\n",
    "\n",
    "water_temp_df = water_temp_df.sort_values([\"alias\", \"formatted_time\"]) # First sort by batch location, then date <-- KOLLA OM NAMN SKA ÄNDRAS\n",
    "\n",
    "water_temp_df"
   ]
  },
  {
   "cell_type": "markdown",
   "id": "3067668c",
   "metadata": {},
   "source": []
  },
  {
   "cell_type": "code",
   "execution_count": 12,
   "id": "ef50f950",
   "metadata": {},
   "outputs": [
    {
     "data": {
      "text/html": [
       "<div>\n",
       "<style scoped>\n",
       "    .dataframe tbody tr th:only-of-type {\n",
       "        vertical-align: middle;\n",
       "    }\n",
       "\n",
       "    .dataframe tbody tr th {\n",
       "        vertical-align: top;\n",
       "    }\n",
       "\n",
       "    .dataframe thead th {\n",
       "        text-align: right;\n",
       "    }\n",
       "</style>\n",
       "<table border=\"1\" class=\"dataframe\">\n",
       "  <thead>\n",
       "    <tr style=\"text-align: right;\">\n",
       "      <th></th>\n",
       "      <th>formatted_time</th>\n",
       "      <th>alias</th>\n",
       "      <th>temp_water</th>\n",
       "      <th>longitude</th>\n",
       "      <th>latitude</th>\n",
       "      <th>lagged_wt_1_day</th>\n",
       "      <th>lagged_wt_2_days</th>\n",
       "      <th>lagged_wt_3_days</th>\n",
       "    </tr>\n",
       "  </thead>\n",
       "  <tbody>\n",
       "    <tr>\n",
       "      <th>3</th>\n",
       "      <td>2022-01-04 12:27:00</td>\n",
       "      <td>Bergabadet</td>\n",
       "      <td>2.7</td>\n",
       "      <td>17.440774</td>\n",
       "      <td>59.057008</td>\n",
       "      <td>2.8</td>\n",
       "      <td>2.8</td>\n",
       "      <td>2.9</td>\n",
       "    </tr>\n",
       "    <tr>\n",
       "      <th>4</th>\n",
       "      <td>2022-01-05 12:30:00</td>\n",
       "      <td>Bergabadet</td>\n",
       "      <td>2.8</td>\n",
       "      <td>17.440774</td>\n",
       "      <td>59.057008</td>\n",
       "      <td>2.7</td>\n",
       "      <td>2.8</td>\n",
       "      <td>2.8</td>\n",
       "    </tr>\n",
       "    <tr>\n",
       "      <th>5</th>\n",
       "      <td>2022-01-06 12:28:00</td>\n",
       "      <td>Bergabadet</td>\n",
       "      <td>2.8</td>\n",
       "      <td>17.440774</td>\n",
       "      <td>59.057008</td>\n",
       "      <td>2.8</td>\n",
       "      <td>2.7</td>\n",
       "      <td>2.8</td>\n",
       "    </tr>\n",
       "    <tr>\n",
       "      <th>6</th>\n",
       "      <td>2022-01-07 12:28:00</td>\n",
       "      <td>Bergabadet</td>\n",
       "      <td>2.8</td>\n",
       "      <td>17.440774</td>\n",
       "      <td>59.057008</td>\n",
       "      <td>2.8</td>\n",
       "      <td>2.8</td>\n",
       "      <td>2.7</td>\n",
       "    </tr>\n",
       "    <tr>\n",
       "      <th>7</th>\n",
       "      <td>2022-01-08 12:28:00</td>\n",
       "      <td>Bergabadet</td>\n",
       "      <td>2.8</td>\n",
       "      <td>17.440774</td>\n",
       "      <td>59.057008</td>\n",
       "      <td>2.8</td>\n",
       "      <td>2.8</td>\n",
       "      <td>2.8</td>\n",
       "    </tr>\n",
       "    <tr>\n",
       "      <th>...</th>\n",
       "      <td>...</td>\n",
       "      <td>...</td>\n",
       "      <td>...</td>\n",
       "      <td>...</td>\n",
       "      <td>...</td>\n",
       "      <td>...</td>\n",
       "      <td>...</td>\n",
       "      <td>...</td>\n",
       "    </tr>\n",
       "    <tr>\n",
       "      <th>7431</th>\n",
       "      <td>2025-05-17 14:58:00</td>\n",
       "      <td>Åbynäsbadet</td>\n",
       "      <td>10.8</td>\n",
       "      <td>17.619576</td>\n",
       "      <td>59.018397</td>\n",
       "      <td>11.7</td>\n",
       "      <td>10.9</td>\n",
       "      <td>11.0</td>\n",
       "    </tr>\n",
       "    <tr>\n",
       "      <th>7432</th>\n",
       "      <td>2025-05-18 08:58:00</td>\n",
       "      <td>Åbynäsbadet</td>\n",
       "      <td>10.6</td>\n",
       "      <td>17.619576</td>\n",
       "      <td>59.018397</td>\n",
       "      <td>10.8</td>\n",
       "      <td>11.7</td>\n",
       "      <td>10.9</td>\n",
       "    </tr>\n",
       "    <tr>\n",
       "      <th>7433</th>\n",
       "      <td>2025-05-19 14:58:00</td>\n",
       "      <td>Åbynäsbadet</td>\n",
       "      <td>12.2</td>\n",
       "      <td>17.619576</td>\n",
       "      <td>59.018397</td>\n",
       "      <td>10.6</td>\n",
       "      <td>10.8</td>\n",
       "      <td>11.7</td>\n",
       "    </tr>\n",
       "    <tr>\n",
       "      <th>7434</th>\n",
       "      <td>2025-05-20 14:58:00</td>\n",
       "      <td>Åbynäsbadet</td>\n",
       "      <td>12.8</td>\n",
       "      <td>17.619576</td>\n",
       "      <td>59.018397</td>\n",
       "      <td>12.2</td>\n",
       "      <td>10.6</td>\n",
       "      <td>10.8</td>\n",
       "    </tr>\n",
       "    <tr>\n",
       "      <th>7435</th>\n",
       "      <td>2025-05-21 14:58:00</td>\n",
       "      <td>Åbynäsbadet</td>\n",
       "      <td>12.2</td>\n",
       "      <td>17.619576</td>\n",
       "      <td>59.018397</td>\n",
       "      <td>12.8</td>\n",
       "      <td>12.2</td>\n",
       "      <td>10.6</td>\n",
       "    </tr>\n",
       "  </tbody>\n",
       "</table>\n",
       "<p>7409 rows × 8 columns</p>\n",
       "</div>"
      ],
      "text/plain": [
       "          formatted_time        alias  temp_water  longitude   latitude  \\\n",
       "3    2022-01-04 12:27:00   Bergabadet         2.7  17.440774  59.057008   \n",
       "4    2022-01-05 12:30:00   Bergabadet         2.8  17.440774  59.057008   \n",
       "5    2022-01-06 12:28:00   Bergabadet         2.8  17.440774  59.057008   \n",
       "6    2022-01-07 12:28:00   Bergabadet         2.8  17.440774  59.057008   \n",
       "7    2022-01-08 12:28:00   Bergabadet         2.8  17.440774  59.057008   \n",
       "...                  ...          ...         ...        ...        ...   \n",
       "7431 2025-05-17 14:58:00  Åbynäsbadet        10.8  17.619576  59.018397   \n",
       "7432 2025-05-18 08:58:00  Åbynäsbadet        10.6  17.619576  59.018397   \n",
       "7433 2025-05-19 14:58:00  Åbynäsbadet        12.2  17.619576  59.018397   \n",
       "7434 2025-05-20 14:58:00  Åbynäsbadet        12.8  17.619576  59.018397   \n",
       "7435 2025-05-21 14:58:00  Åbynäsbadet        12.2  17.619576  59.018397   \n",
